"x"
0.093115178653254
0.108416874249892
0.515902443484993
0.100399724904917
0.0886055981766184
0.112280823746737
0.0929926782357164
0.096995422305782
0.0970404806365675
0.0958917855385378
0.114245516285419
0.0954401949441853
0.106495476702902
0.0978271095812166
0.103504179380244
0.0917761255420616
0.105611034491385
0.0857232266794532
0.100138008122204
0.106102357117992
0.0885257541130657
0.0976255805364009
0.0966311839924055
0.0948897492823005
0.113021986994653
0.0949257553449895
0.0966275476248668
0.0977739963428713
0.0947945879876744
0.0878464342705384
0.110394400663514
0.0912973584530794
0.0961750757651919
0.106962979282106
0.0950950271253918
0.102687193822153
0.0927820844053007
0.104062930166259
0.09652122836846
0.100022347196543
0.122159994670664
0.0993033869296547
0.0874375894003038
0.0975069929391633
0.100949622092152
0.0936307975791243
0.0956484093199587
0.108854365369659
0.0990376211984096
0.0978075771864557
0.113433435508228
0.109069191168967
0.105051448959115
0.120589933499746
0.119905508763059
0.0943069997724932
0.0871880096485551
0.0972623018155208
0.0896484427975213
0.0951689149748245
0.0913850591012365
0.0955894208157461
0.105803671082323
0.102570327962545
0.0948147462074941
0.091957553560166
0.0981898885189024
0.109277158733824
0.0991527643945799
0.0947374787439046
0.101272311622574
0.103927281458389
0.0981233382504
0.0990302820686361
0.107215399255266
0.0890824444472739
0.0956808160924076
0.0887208880757662
0.10061514180657
0.116159978047888
0.0927790286121526
0.090215446648049
0.0925364818900833
0.0964187499272938
0.0979882128360345
0.100905947168241
0.105117830763163
0.105724227780266
0.100130555254689
0.109391857595353
0.100432121072359
0.0887879023113121
0.105038130037356
0.097464355131942
0.0991259642816438
0.106454392349602
0.114422070440084
0.0937027145635259
0.106266588622799
0.106096005463478
